# relative_time, cycles_done, cur_item, corpus_count, pending_total, pending_favs, map_size, saved_crashes, saved_hangs, max_depth, execs_per_sec, total_execs, edges_found, total_crashes, servers_count
61, 0, 2, 295, 293, 108, 3.31%, 0, 0, 2, 757.29, 77303, 2166, 0, 0
66, 0, 2, 307, 305, 108, 3.31%, 0, 0, 2, 783.77, 81287, 2166, 0, 0
71, 0, 4, 333, 330, 110, 3.32%, 0, 0, 2, 1140.91, 87048, 2177, 0, 0
76, 0, 4, 350, 347, 110, 3.36%, 0, 0, 2, 1346.49, 94296, 2204, 0, 0
81, 0, 4, 354, 351, 110, 3.41%, 0, 0, 2, 1386.19, 101345, 2233, 0, 0
86, 0, 4, 358, 355, 110, 3.49%, 0, 0, 2, 1207.41, 107441, 2289, 0, 0
92, 0, 4, 361, 358, 110, 3.51%, 0, 0, 2, 1301.05, 114146, 2298, 0, 0
97, 0, 4, 363, 360, 110, 3.53%, 0, 0, 2, 1334.50, 120985, 2311, 0, 0
102, 0, 4, 367, 364, 110, 3.54%, 0, 0, 2, 1337.18, 127748, 2318, 0, 0
107, 0, 4, 368, 365, 110, 3.54%, 0, 0, 2, 1343.42, 134567, 2318, 0, 0
112, 0, 33, 368, 352, 111, 3.54%, 0, 0, 2, 1368.21, 141695, 2318, 0, 0
117, 0, 58, 368, 347, 106, 3.54%, 0, 0, 2, 1364.33, 148729, 2318, 0, 0
122, 0, 120, 372, 323, 79, 3.54%, 0, 0, 3, 1371.79, 155685, 2319, 0, 0
127, 0, 240, 387, 335, 80, 3.55%, 0, 0, 3, 1386.24, 162731, 2325, 0, 0
132, 0, 240, 390, 338, 80, 3.55%, 0, 0, 3, 1398.56, 169772, 2327, 0, 0
137, 0, 174, 404, 339, 72, 3.67%, 0, 0, 3, 1386.00, 176905, 2406, 0, 0
142, 0, 216, 418, 328, 47, 3.70%, 0, 0, 3, 527.62, 183295, 2423, 0, 0
148, 0, 216, 424, 334, 47, 3.70%, 0, 0, 3, 1201.58, 190266, 2424, 0, 0
153, 0, 415, 430, 336, 47, 3.70%, 0, 0, 4, 1317.23, 197139, 2424, 0, 0
158, 0, 415, 439, 345, 47, 3.72%, 0, 0, 4, 1366.17, 204075, 2440, 0, 0
163, 0, 229, 450, 354, 50, 3.73%, 0, 0, 4, 1374.60, 211106, 2443, 0, 0
168, 0, 229, 451, 355, 50, 3.73%, 0, 0, 4, 1392.14, 218106, 2443, 0, 0
173, 0, 438, 456, 356, 51, 3.73%, 0, 0, 5, 1386.51, 225342, 2443, 0, 0
178, 0, 302, 471, 361, 42, 3.73%, 0, 0, 5, 1316.74, 231940, 2447, 0, 0
183, 0, 302, 474, 364, 42, 3.74%, 0, 0, 5, 1331.86, 238695, 2448, 0, 0
188, 0, 333, 476, 359, 38, 3.75%, 0, 0, 5, 1330.32, 245518, 2455, 0, 0
193, 0, 333, 487, 370, 38, 3.75%, 0, 0, 5, 1332.41, 252277, 2455, 0, 0
198, 0, 341, 498, 380, 37, 3.75%, 0, 0, 5, 1348.25, 259206, 2457, 0, 0
203, 0, 374, 503, 364, 20, 3.75%, 0, 0, 5, 690.31, 265256, 2460, 0, 0
209, 0, 391, 515, 371, 17, 3.77%, 0, 0, 5, 1152.96, 271773, 2473, 0, 0
214, 0, 391, 518, 374, 17, 3.77%, 0, 0, 5, 1232.10, 278154, 2473, 0, 0
219, 0, 509, 528, 375, 12, 3.77%, 0, 0, 5, 1321.66, 285072, 2473, 0, 0
224, 0, 509, 532, 379, 12, 3.77%, 0, 0, 5, 1365.00, 291987, 2473, 0, 0
229, 0, 445, 539, 382, 11, 3.78%, 0, 0, 5, 1380.84, 299407, 2475, 0, 0
234, 0, 272, 543, 373, 3, 3.79%, 0, 0, 5, 1352.26, 304918, 2486, 0, 0
240, 0, 389, 543, 358, 0, 3.79%, 0, 0, 5, 1344.74, 311898, 2486, 0, 0
245, 0, 482, 553, 367, 0, 3.79%, 0, 0, 5, 1325.82, 318730, 2486, 0, 0
250, 0, 482, 556, 370, 0, 3.79%, 0, 0, 5, 1308.63, 325512, 2486, 0, 0
255, 0, 32, 560, 368, 0, 3.79%, 0, 0, 5, 1349.73, 332584, 2486, 0, 0
260, 0, 339, 569, 374, 0, 3.79%, 0, 0, 5, 1347.22, 339329, 2486, 0, 0
265, 0, 339, 570, 375, 0, 3.79%, 0, 0, 5, 1361.50, 346275, 2486, 0, 0
270, 0, 446, 575, 371, 0, 3.81%, 0, 0, 6, 1373.36, 353405, 2495, 0, 0
276, 0, 362, 579, 369, 0, 3.81%, 0, 0, 6, 1244.30, 357492, 2495, 0, 0
281, 0, 143, 582, 364, 0, 3.81%, 0, 0, 6, 1266.88, 364025, 2498, 0, 0
286, 0, 23, 586, 356, 0, 3.82%, 0, 0, 6, 1288.93, 370543, 2502, 0, 0
291, 0, 581, 589, 353, 0, 3.82%, 0, 0, 7, 1215.21, 376559, 2503, 0, 0
297, 0, 124, 594, 347, 0, 3.83%, 0, 0, 7, 1229.73, 383662, 2509, 0, 0
302, 0, 228, 594, 337, 0, 3.83%, 0, 0, 7, 1314.59, 390361, 2509, 0, 0
307, 0, 438, 595, 331, 0, 3.83%, 0, 0, 7, 1276.19, 396912, 2509, 0, 0
312, 1, 498, 596, 322, 0, 3.83%, 0, 0, 7, 1221.16, 401489, 2509, 0, 0
317, 1, 504, 600, 311, 0, 3.83%, 0, 0, 7, 1313.28, 408308, 2509, 0, 0
322, 1, 276, 602, 294, 0, 3.83%, 0, 0, 7, 1268.37, 414799, 2509, 0, 0
328, 1, 496, 605, 281, 0, 3.83%, 0, 0, 7, 1259.40, 421516, 2509, 0, 0
333, 1, 43, 608, 268, 0, 3.83%, 0, 0, 7, 1023.89, 427497, 2511, 0, 0
338, 1, 76, 612, 256, 0, 3.83%, 0, 0, 8, 1264.35, 434239, 2511, 0, 0
343, 1, 70, 615, 238, 0, 3.85%, 0, 0, 8, 1339.23, 441230, 2520, 0, 0
348, 1, 262, 615, 230, 0, 3.85%, 0, 0, 8, 1350.55, 448035, 2520, 0, 0
353, 1, 72, 617, 213, 0, 3.85%, 0, 0, 8, 1272.84, 454131, 2520, 0, 0
358, 1, 603, 625, 217, 0, 3.85%, 0, 0, 8, 1144.70, 459863, 2520, 0, 0
363, 1, 603, 629, 221, 0, 3.85%, 0, 0, 8, 1118.07, 465479, 2521, 0, 0
369, 1, 150, 639, 228, 0, 3.85%, 0, 0, 8, 1173.17, 471674, 2521, 0, 0
374, 1, 504, 641, 218, 0, 3.85%, 0, 0, 8, 1269.89, 476827, 2521, 0, 0
379, 1, 266, 643, 204, 0, 3.85%, 0, 0, 8, 1264.96, 483193, 2522, 0, 0
384, 1, 638, 643, 194, 0, 3.85%, 0, 0, 8, 1224.90, 488090, 2522, 0, 0
389, 1, 645, 647, 187, 0, 3.85%, 0, 0, 8, 1130.00, 493636, 2522, 0, 0
394, 1, 644, 647, 173, 0, 3.85%, 0, 0, 8, 1308.40, 499521, 2522, 0, 0
399, 1, 535, 650, 161, 0, 3.85%, 0, 0, 8, 1259.62, 505486, 2522, 0, 0
404, 1, 349, 651, 149, 0, 3.85%, 0, 0, 8, 1236.82, 511754, 2522, 0, 0
409, 1, 543, 652, 140, 0, 3.85%, 0, 0, 8, 1225.90, 518066, 2522, 0, 0
414, 1, 169, 654, 132, 0, 3.85%, 0, 0, 8, 1297.70, 524745, 2524, 0, 0
419, 1, 289, 657, 123, 0, 3.85%, 0, 0, 8, 1279.84, 531161, 2524, 0, 0
424, 2, 443, 660, 119, 0, 3.85%, 0, 0, 8, 1258.70, 537353, 2524, 0, 0
430, 2, 99, 663, 116, 0, 3.85%, 0, 0, 9, 1287.62, 544094, 2524, 0, 0
435, 2, 96, 665, 108, 0, 3.85%, 0, 0, 9, 1310.62, 550619, 2524, 0, 0
440, 2, 654, 669, 104, 0, 3.85%, 0, 0, 9, 1206.06, 556985, 2524, 0, 0
445, 2, 539, 671, 99, 0, 3.86%, 0, 0, 9, 1297.31, 563691, 2528, 0, 0
450, 2, 526, 671, 92, 0, 3.86%, 0, 0, 9, 1224.25, 569891, 2528, 0, 0
456, 2, 626, 672, 84, 0, 3.86%, 0, 0, 9, 1256.26, 577609, 2528, 0, 0
461, 2, 456, 674, 75, 0, 3.86%, 0, 0, 10, 1312.31, 584156, 2528, 0, 0
467, 2, 576, 677, 73, 0, 3.86%, 0, 0, 10, 1255.81, 589374, 2528, 0, 0
472, 2, 564, 679, 71, 0, 3.86%, 0, 0, 10, 1230.49, 595365, 2531, 0, 0
477, 2, 434, 681, 68, 0, 3.86%, 0, 0, 10, 1204.63, 600337, 2531, 0, 0
482, 2, 569, 682, 62, 0, 3.86%, 0, 0, 10, 1361.52, 605296, 2531, 0, 0
487, 2, 662, 683, 58, 0, 3.86%, 0, 0, 10, 1328.57, 610817, 2531, 0, 0
492, 2, 235, 685, 57, 0, 3.86%, 0, 0, 10, 1339.15, 617629, 2531, 0, 0
497, 2, 58, 685, 50, 0, 3.86%, 0, 0, 10, 1281.19, 623719, 2531, 0, 0
502, 2, 571, 685, 45, 0, 3.86%, 0, 0, 10, 1341.91, 630511, 2531, 0, 0
507, 2, 536, 686, 38, 0, 3.86%, 0, 0, 10, 1279.90, 636808, 2531, 0, 0
513, 2, 232, 687, 35, 0, 3.86%, 0, 0, 10, 1262.87, 643248, 2531, 0, 0
518, 3, 351, 687, 32, 0, 3.86%, 0, 0, 10, 1295.73, 649952, 2531, 0, 0
523, 3, 27, 687, 28, 0, 3.86%, 0, 0, 10, 1285.16, 656533, 2531, 0, 0
528, 3, 146, 691, 28, 0, 3.86%, 0, 0, 10, 1320.02, 663127, 2531, 0, 0
533, 3, 688, 698, 35, 0, 3.87%, 0, 0, 10, 1344.40, 670198, 2533, 0, 0
539, 3, 697, 699, 35, 1, 3.87%, 0, 0, 10, 1360.16, 677788, 2533, 0, 0
544, 3, 684, 699, 33, 0, 3.87%, 0, 0, 10, 1330.76, 684562, 2533, 0, 0
549, 3, 678, 699, 30, 0, 3.87%, 0, 0, 10, 1355.78, 691510, 2533, 0, 0
554, 3, 541, 701, 30, 0, 3.87%, 0, 0, 10, 1359.93, 698385, 2533, 0, 0
559, 3, 281, 701, 28, 0, 3.87%, 0, 0, 10, 1381.44, 705297, 2533, 0, 0
565, 3, 361, 703, 27, 0, 3.87%, 0, 0, 10, 1330.11, 712614, 2533, 0, 0
570, 3, 437, 704, 27, 0, 3.87%, 0, 0, 10, 1285.16, 719148, 2533, 0, 0
575, 3, 613, 704, 26, 0, 3.87%, 0, 0, 10, 1350.34, 726127, 2533, 0, 0
580, 3, 514, 705, 24, 0, 3.88%, 0, 0, 10, 1266.86, 732737, 2543, 0, 0
585, 3, 83, 705, 24, 0, 3.88%, 0, 0, 10, 1309.16, 739296, 2543, 0, 0
590, 3, 351, 709, 26, 0, 3.88%, 0, 0, 10, 1352.53, 746104, 2543, 0, 0
595, 3, 352, 710, 23, 0, 3.89%, 0, 0, 10, 1349.15, 752919, 2549, 0, 0
601, 3, 700, 711, 21, 0, 3.89%, 0, 0, 10, 1313.69, 759158, 2549, 0, 0
606, 3, 448, 713, 22, 0, 3.89%, 0, 0, 10, 1325.91, 765900, 2549, 0, 0
611, 4, 606, 715, 21, 0, 3.89%, 0, 0, 10, 1342.95, 772786, 2550, 0, 0
616, 4, 716, 717, 20, 1, 3.89%, 0, 0, 10, 1318.62, 779400, 2552, 0, 0
621, 4, 719, 721, 21, 2, 3.95%, 0, 0, 10, 1339.27, 786252, 2587, 0, 0
626, 4, 721, 722, 18, 1, 3.95%, 0, 0, 10, 1306.33, 792735, 2588, 0, 0
631, 4, 7, 723, 17, 0, 3.95%, 0, 0, 10, 1301.93, 799327, 2588, 0, 0
636, 4, 589, 723, 14, 0, 3.95%, 0, 0, 10, 1348.92, 806366, 2588, 0, 0
641, 4, 175, 723, 14, 0, 3.95%, 0, 0, 10, 1393.98, 813411, 2588, 0, 0
646, 4, 647, 726, 14, 0, 3.95%, 0, 0, 10, 1238.25, 818791, 2588, 0, 0
651, 4, 724, 726, 13, 0, 3.95%, 0, 0, 10, 248.08, 825066, 2588, 0, 0
656, 4, 702, 728, 13, 0, 3.95%, 0, 0, 10, 999.95, 830537, 2588, 0, 0
661, 4, 690, 729, 11, 0, 3.95%, 0, 0, 10, 1280.65, 836159, 2590, 0, 0
667, 4, 235, 731, 13, 0, 3.95%, 0, 0, 10, 1316.99, 842897, 2590, 0, 0
672, 4, 607, 731, 13, 0, 3.95%, 0, 0, 10, 1320.82, 849765, 2590, 0, 0
677, 4, 712, 734, 16, 0, 3.95%, 0, 0, 10, 1196.24, 855127, 2590, 0, 0
682, 4, 44, 735, 15, 0, 3.95%, 0, 0, 10, 1255.40, 861766, 2590, 0, 0
687, 4, 736, 742, 21, 0, 3.95%, 0, 0, 10, 1232.80, 867851, 2590, 0, 0
692, 4, 736, 742, 21, 0, 3.95%, 0, 0, 10, 1266.04, 874099, 2590, 0, 0
697, 4, 638, 743, 21, 0, 3.95%, 0, 0, 10, 1334.61, 881108, 2590, 0, 0
702, 4, 721, 745, 22, 0, 3.95%, 0, 0, 10, 1334.05, 887653, 2590, 0, 0
708, 4, 734, 746, 20, 0, 3.95%, 0, 0, 10, 1327.14, 894303, 2590, 0, 0
713, 5, 744, 747, 18, 0, 3.95%, 0, 0, 10, 1357.24, 901371, 2590, 0, 0
718, 5, 613, 748, 17, 0, 3.95%, 0, 0, 10, 1345.02, 908043, 2590, 0, 0
723, 5, 448, 750, 17, 0, 3.95%, 0, 0, 10, 1351.78, 915059, 2590, 0, 0
728, 5, 741, 752, 17, 0, 3.95%, 0, 0, 11, 1345.63, 921852, 2590, 0, 0
733, 5, 20, 752, 12, 0, 3.95%, 0, 0, 11, 1305.19, 928494, 2590, 0, 0
738, 5, 312, 754, 13, 0, 3.95%, 0, 0, 11, 1344.99, 935321, 2590, 0, 0
743, 5, 416, 754, 12, 0, 3.95%, 0, 0, 11, 1355.47, 942295, 2590, 0, 0
748, 5, 716, 757, 13, 0, 3.95%, 0, 0, 11, 1366.43, 949163, 2590, 0, 0
753, 5, 208, 757, 11, 0, 3.95%, 0, 0, 11, 1362.17, 956073, 2590, 0, 0
759, 5, 315, 760, 13, 0, 3.95%, 0, 0, 11, 1384.85, 963192, 2590, 0, 0
764, 5, 430, 761, 11, 0, 3.95%, 0, 0, 11, 1365.51, 970098, 2590, 0, 0
769, 5, 613, 761, 10, 0, 3.95%, 0, 0, 11, 1348.11, 976664, 2590, 0, 0
774, 5, 728, 762, 8, 0, 3.95%, 0, 0, 11, 1327.34, 983394, 2590, 0, 0
779, 5, 173, 762, 8, 0, 3.95%, 0, 0, 11, 1364.46, 990294, 2590, 0, 0
784, 5, 255, 762, 6, 0, 3.95%, 0, 0, 11, 1345.82, 997070, 2590, 0, 0
789, 5, 690, 762, 5, 0, 3.95%, 0, 0, 11, 1160.91, 1000899, 2590, 0, 0
794, 5, 108, 762, 5, 0, 3.95%, 0, 0, 11, 1304.12, 1007762, 2590, 0, 0
799, 6, 209, 764, 6, 0, 3.95%, 0, 0, 11, 1372.38, 1014790, 2590, 0, 0
804, 6, 705, 767, 9, 0, 3.95%, 0, 0, 11, 1379.80, 1021806, 2590, 0, 0
809, 6, 486, 768, 9, 0, 3.95%, 0, 0, 11, 1364.49, 1028536, 2590, 0, 0
814, 6, 764, 768, 8, 0, 3.95%, 0, 0, 11, 1348.56, 1035308, 2590, 0, 0
819, 6, 347, 769, 6, 0, 3.95%, 0, 0, 11, 1351.18, 1042106, 2590, 0, 0
824, 6, 769, 771, 8, 0, 3.95%, 0, 0, 11, 1261.02, 1048568, 2590, 0, 0
829, 6, 91, 772, 6, 0, 3.95%, 0, 0, 11, 1268.28, 1054875, 2590, 0, 0
834, 6, 514, 773, 7, 0, 3.95%, 0, 0, 11, 1299.26, 1061644, 2590, 0, 0
839, 6, 146, 773, 6, 0, 3.95%, 0, 0, 11, 1309.77, 1068022, 2590, 0, 0
844, 6, 772, 777, 10, 0, 3.95%, 0, 0, 11, 1257.09, 1074464, 2590, 0, 0
850, 6, 772, 778, 11, 0, 3.95%, 0, 0, 11, 1217.44, 1080597, 2590, 0, 0
855, 6, 364, 779, 11, 0, 3.95%, 0, 0, 11, 1330.80, 1087585, 2590, 0, 0
860, 6, 719, 779, 11, 0, 3.95%, 0, 0, 11, 1382.37, 1094623, 2590, 0, 0
865, 6, 728, 780, 10, 0, 3.95%, 0, 0, 11, 1347.42, 1101573, 2590, 0, 0
870, 6, 775, 781, 11, 0, 3.95%, 0, 0, 11, 1349.76, 1108581, 2590, 0, 0
875, 6, 714, 781, 9, 0, 3.95%, 0, 0, 11, 1310.68, 1114871, 2590, 0, 0
881, 6, 140, 781, 9, 0, 3.95%, 0, 0, 11, 1349.71, 1122217, 2590, 0, 0
886, 6, 372, 783, 10, 0, 3.95%, 0, 0, 12, 1310.68, 1128762, 2590, 0, 0
891, 6, 133, 784, 9, 0, 3.95%, 0, 0, 12, 1322.16, 1135400, 2590, 0, 0
896, 6, 452, 784, 8, 0, 3.95%, 0, 0, 12, 1332.11, 1142420, 2590, 0, 0
901, 6, 672, 784, 8, 0, 3.95%, 0, 0, 12, 1371.67, 1149336, 2590, 0, 0
907, 7, 733, 785, 9, 0, 3.95%, 0, 0, 12, 1273.24, 1156094, 2590, 0, 0
912, 7, 762, 786, 8, 0, 3.95%, 0, 0, 12, 1362.95, 1163128, 2590, 0, 0
917, 7, 776, 787, 7, 0, 3.95%, 0, 0, 12, 1353.85, 1169968, 2590, 0, 0
922, 7, 206, 788, 7, 0, 3.95%, 0, 0, 12, 1379.59, 1176941, 2590, 0, 0
927, 7, 441, 788, 7, 0, 3.95%, 0, 0, 12, 1396.61, 1184117, 2590, 0, 0
933, 7, 235, 789, 8, 0, 3.95%, 0, 0, 12, 1395.75, 1191311, 2590, 0, 0
938, 7, 44, 789, 8, 0, 3.95%, 0, 0, 12, 1399.18, 1198325, 2590, 0, 0
943, 7, 758, 791, 9, 0, 3.95%, 0, 0, 12, 1400.08, 1205366, 2590, 0, 0
948, 7, 308, 792, 7, 0, 3.95%, 0, 0, 12, 1381.53, 1212275, 2590, 0, 0
953, 7, 547, 792, 7, 0, 3.95%, 0, 0, 12, 1375.69, 1219322, 2590, 0, 0
958, 7, 781, 794, 8, 0, 3.95%, 0, 0, 12, 1375.02, 1226804, 2590, 0, 0
963, 7, 765, 794, 6, 0, 3.95%, 0, 0, 12, 1348.36, 1233706, 2590, 0, 0
969, 7, 642, 795, 6, 0, 3.95%, 0, 0, 13, 1372.28, 1240729, 2590, 0, 0
974, 7, 415, 795, 6, 0, 3.95%, 0, 0, 13, 1377.06, 1247745, 2590, 0, 0
979, 7, 467, 796, 7, 0, 3.95%, 0, 0, 13, 1310.10, 1254362, 2590, 0, 0
984, 7, 452, 798, 8, 0, 3.95%, 0, 0, 13, 1240.22, 1260173, 2590, 0, 0
989, 7, 796, 798, 8, 0, 3.95%, 0, 0, 13, 348.45, 1265626, 2590, 0, 0
994, 7, 186, 799, 8, 0, 3.95%, 0, 0, 13, 770.75, 1269370, 2590, 0, 0
1000, 8, 758, 799, 8, 0, 3.95%, 0, 0, 13, 1191.16, 1276179, 2590, 0, 0
1005, 8, 798, 799, 7, 0, 3.95%, 0, 0, 13, 1198.65, 1282237, 2590, 0, 0
1010, 8, 799, 800, 7, 0, 3.95%, 0, 0, 13, 94.84, 1285995, 2590, 0, 0
1015, 8, 799, 800, 7, 0, 3.95%, 0, 0, 13, 90.41, 1286469, 2590, 0, 0
1021, 8, 799, 800, 7, 0, 3.95%, 0, 0, 13, 84.43, 1286870, 2590, 0, 0
1026, 8, 430, 800, 6, 0, 3.95%, 0, 0, 13, 1265.28, 1291741, 2590, 0, 0
1031, 8, 719, 801, 7, 0, 3.95%, 0, 0, 13, 1358.31, 1299083, 2590, 0, 0
1036, 8, 455, 801, 7, 0, 3.95%, 0, 0, 13, 1390.53, 1306317, 2590, 0, 0
1041, 8, 704, 802, 7, 0, 3.95%, 0, 0, 13, 1366.39, 1313323, 2590, 0, 0
1047, 8, 710, 802, 7, 0, 3.95%, 0, 0, 13, 1391.30, 1320906, 2590, 0, 0
1052, 8, 585, 802, 5, 0, 3.95%, 0, 0, 13, 1398.62, 1327974, 2590, 0, 0
1057, 8, 678, 802, 5, 0, 3.95%, 0, 0, 13, 1383.86, 1335008, 2590, 0, 0
1062, 8, 798, 803, 5, 0, 3.96%, 0, 0, 13, 1357.96, 1341876, 2592, 0, 0
1067, 8, 85, 803, 4, 0, 3.96%, 0, 0, 13, 1333.99, 1348309, 2592, 0, 0
1072, 8, 672, 804, 5, 0, 3.96%, 0, 0, 13, 1343.95, 1354704, 2592, 0, 0
1078, 8, 794, 806, 6, 0, 3.96%, 0, 0, 14, 1344.06, 1362057, 2592, 0, 0
1083, 8, 805, 807, 6, 0, 3.96%, 0, 0, 14, 1296.35, 1368596, 2592, 0, 0
1088, 8, 213, 807, 5, 0, 3.96%, 0, 0, 14, 1289.41, 1374688, 2592, 0, 0
1093, 8, 520, 807, 5, 0, 3.96%, 0, 0, 14, 1367.77, 1381619, 2592, 0, 0
1098, 8, 390, 807, 4, 0, 3.96%, 0, 0, 14, 1362.21, 1388618, 2592, 0, 0
1103, 9, 632, 807, 4, 0, 3.96%, 0, 0, 14, 1356.40, 1395202, 2592, 0, 0
1109, 9, 173, 807, 3, 0, 3.96%, 0, 0, 14, 1366.68, 1402962, 2592, 0, 0
1114, 9, 547, 809, 4, 0, 3.96%, 0, 0, 14, 1082.74, 1407734, 2592, 0, 0
1119, 9, 807, 809, 4, 0, 3.96%, 0, 0, 14, 745.85, 1410071, 2592, 0, 0
1124, 9, 607, 809, 3, 0, 3.96%, 0, 0, 14, 1113.26, 1415605, 2592, 0, 0
1129, 9, 808, 809, 3, 0, 3.96%, 0, 0, 14, 1167.01, 1422005, 2592, 0, 0
1134, 9, 808, 811, 5, 0, 3.96%, 0, 0, 14, 572.56, 1424007, 2592, 0, 0
1139, 9, 809, 811, 4, 0, 3.96%, 0, 0, 14, 1090.67, 1430090, 2592, 0, 0
1144, 9, 242, 811, 2, 0, 3.96%, 0, 0, 14, 1081.03, 1435511, 2592, 0, 0
1149, 9, 810, 816, 7, 0, 3.96%, 0, 0, 14, 634.78, 1438387, 2592, 0, 0
1155, 9, 810, 816, 7, 0, 3.96%, 0, 0, 14, 497.07, 1440725, 2592, 0, 0
1160, 9, 810, 816, 7, 0, 3.96%, 0, 0, 14, 456.77, 1443010, 2592, 0, 0
1165, 9, 390, 816, 5, 0, 3.96%, 0, 0, 14, 765.53, 1447518, 2592, 0, 0
1170, 9, 708, 816, 4, 0, 3.96%, 0, 0, 14, 1066.57, 1453822, 2592, 0, 0
1175, 9, 814, 816, 3, 0, 3.96%, 0, 0, 14, 154.59, 1456140, 2592, 0, 0
1181, 9, 573, 817, 3, 0, 3.96%, 0, 0, 14, 1266.04, 1460693, 2592, 0, 0
1186, 9, 816, 817, 3, 0, 3.96%, 0, 0, 14, 1147.62, 1466790, 2592, 0, 0
1191, 9, 816, 818, 4, 0, 3.96%, 0, 0, 14, 722.20, 1469417, 2592, 0, 0
1196, 9, 632, 818, 2, 0, 3.96%, 0, 0, 14, 902.72, 1473803, 2592, 0, 0
1201, 9, 573, 819, 3, 0, 3.96%, 0, 0, 14, 1293.07, 1480991, 2592, 0, 0
1206, 9, 690, 820, 4, 0, 3.96%, 0, 0, 14, 1326.38, 1487674, 2592, 0, 0
1211, 9, 815, 820, 4, 0, 3.96%, 0, 0, 14, 1264.83, 1492909, 2592, 0, 0
1216, 9, 817, 822, 5, 0, 3.96%, 0, 0, 14, 818.66, 1496676, 2592, 0, 0
1221, 9, 821, 823, 5, 0, 3.96%, 0, 0, 14, 666.06, 1499687, 2592, 0, 0
1227, 9, 209, 823, 3, 0, 3.96%, 0, 0, 14, 1194.99, 1506320, 2592, 0, 0
1232, 9, 219, 823, 3, 0, 3.96%, 0, 0, 14, 1261.61, 1512935, 2592, 0, 0
1237, 9, 558, 823, 3, 0, 3.96%, 0, 0, 14, 1333.88, 1519738, 2592, 0, 0
1242, 9, 573, 823, 2, 0, 3.96%, 0, 0, 14, 1046.77, 1524805, 2592, 0, 0
1247, 9, 673, 823, 2, 0, 3.96%, 0, 0, 14, 1294.14, 1531788, 2592, 0, 0
1252, 9, 41, 823, 2, 0, 3.96%, 0, 0, 14, 1385.64, 1538910, 2592, 0, 0
1257, 10, 475, 823, 2, 0, 3.96%, 0, 0, 14, 103.90, 1544720, 2592, 0, 0
1262, 10, 281, 823, 2, 0, 3.96%, 0, 0, 14, 1147.14, 1551015, 2592, 0, 0
1267, 10, 659, 823, 1, 0, 3.96%, 0, 0, 14, 1319.02, 1558045, 2592, 0, 0
1272, 10, 312, 823, 1, 0, 3.96%, 0, 0, 14, 1295.21, 1564653, 2592, 0, 0
1278, 10, 822, 824, 1, 0, 3.96%, 0, 0, 14, 915.90, 1569501, 2595, 0, 0
1283, 10, 822, 824, 1, 0, 3.96%, 0, 0, 14, 574.25, 1571704, 2595, 0, 0
1288, 10, 150, 825, 1, 0, 3.96%, 0, 0, 14, 1130.92, 1577780, 2595, 0, 0
1293, 10, 810, 826, 2, 0, 3.96%, 0, 0, 14, 1259.27, 1584396, 2595, 0, 0
1298, 10, 456, 826, 2, 0, 3.96%, 0, 0, 14, 1311.10, 1590621, 2595, 0, 0
1303, 10, 632, 827, 3, 0, 3.96%, 0, 0, 14, 1307.67, 1597045, 2595, 0, 0
1308, 10, 504, 828, 4, 0, 3.96%, 0, 0, 14, 1322.87, 1603534, 2595, 0, 0
1313, 10, 647, 828, 4, 0, 3.96%, 0, 0, 14, 1353.62, 1610531, 2595, 0, 0
1319, 10, 456, 828, 4, 0, 3.96%, 0, 0, 14, 1383.70, 1617627, 2595, 0, 0
1324, 10, 672, 829, 3, 0, 3.96%, 0, 0, 14, 1370.67, 1624745, 2595, 0, 0
1329, 10, 721, 829, 2, 0, 3.96%, 0, 0, 14, 1352.49, 1631750, 2595, 0, 0
1334, 10, 728, 829, 2, 0, 3.96%, 0, 0, 14, 1379.46, 1638803, 2595, 0, 0
1339, 10, 542, 829, 2, 0, 3.96%, 0, 0, 14, 1372.16, 1645680, 2595, 0, 0
1344, 10, 580, 829, 2, 0, 3.96%, 0, 0, 14, 1363.26, 1652593, 2595, 0, 0
1349, 10, 651, 829, 2, 0, 3.96%, 0, 0, 14, 1319.47, 1658980, 2595, 0, 0
1354, 11, 824, 830, 3, 0, 3.96%, 0, 0, 14, 1250.76, 1664579, 2595, 0, 0
1359, 11, 154, 830, 2, 0, 3.96%, 0, 0, 14, 1337.90, 1671257, 2595, 0, 0
1365, 11, 828, 834, 6, 0, 3.96%, 0, 0, 14, 1344.96, 1678030, 2595, 0, 0
1370, 11, 828, 836, 8, 0, 3.96%, 0, 0, 14, 1298.24, 1684520, 2595, 0, 0
1375, 11, 177, 836, 5, 0, 3.96%, 0, 0, 14, 1329.19, 1691220, 2595, 0, 0
1380, 11, 168, 836, 5, 0, 3.96%, 0, 0, 14, 1263.84, 1697657, 2595, 0, 0
1385, 11, 814, 837, 5, 0, 3.96%, 0, 0, 14, 1281.86, 1704380, 2595, 0, 0
1390, 11, 814, 837, 3, 0, 3.96%, 0, 0, 14, 1299.09, 1710636, 2595, 0, 0
1395, 11, 314, 837, 2, 0, 3.96%, 0, 0, 14, 1327.36, 1717391, 2595, 0, 0
1400, 11, 632, 837, 2, 0, 3.96%, 0, 0, 14, 1377.91, 1724484, 2595, 0, 0
1405, 11, 609, 837, 2, 0, 3.96%, 0, 0, 14, 1374.48, 1731492, 2595, 0, 0
1410, 11, 208, 837, 2, 0, 3.96%, 0, 0, 14, 1278.12, 1736821, 2595, 0, 0
1415, 11, 836, 839, 4, 0, 3.96%, 0, 0, 14, 1287.29, 1743306, 2595, 0, 0
1420, 11, 520, 839, 3, 0, 3.96%, 0, 0, 14, 1276.65, 1749855, 2595, 0, 0
1425, 11, 728, 840, 4, 0, 3.96%, 0, 0, 14, 1294.21, 1756373, 2595, 0, 0
1431, 11, 6, 840, 3, 0, 3.96%, 0, 0, 14, 1355.67, 1763354, 2595, 0, 0
1436, 11, 728, 840, 3, 0, 3.96%, 0, 0, 14, 1391.85, 1770415, 2595, 0, 0
1441, 11, 831, 840, 3, 0, 3.96%, 0, 0, 14, 1394.28, 1777603, 2595, 0, 0
1446, 11, 456, 841, 3, 0, 3.96%, 0, 0, 14, 1373.82, 1784725, 2595, 0, 0
1451, 11, 389, 841, 3, 0, 3.96%, 0, 0, 14, 1393.01, 1791849, 2595, 0, 0
1457, 12, 73, 841, 2, 0, 3.96%, 0, 0, 14, 1374.20, 1799725, 2595, 0, 0
1462, 12, 448, 841, 2, 0, 3.96%, 0, 0, 14, 1388.96, 1806749, 2595, 0, 0
1467, 12, 632, 842, 2, 0, 3.96%, 0, 0, 14, 1396.46, 1813861, 2595, 0, 0
1472, 12, 576, 842, 2, 0, 3.96%, 0, 0, 14, 1356.84, 1820653, 2595, 0, 0
1477, 12, 144, 842, 2, 0, 3.96%, 0, 0, 14, 1379.97, 1827883, 2595, 0, 0
1482, 12, 371, 842, 1, 0, 3.96%, 0, 0, 14, 1313.57, 1832688, 2595, 0, 0
1487, 12, 373, 842, 1, 0, 3.96%, 0, 0, 14, 1340.69, 1839586, 2595, 0, 0
1492, 12, 104, 842, 1, 0, 3.96%, 0, 0, 14, 1266.03, 1846048, 2595, 0, 0
1497, 12, 201, 843, 2, 0, 3.96%, 0, 0, 14, 1374.00, 1853057, 2595, 0, 0
1503, 12, 278, 845, 3, 0, 3.97%, 0, 0, 14, 1358.94, 1860329, 2600, 0, 0
1508, 12, 406, 845, 2, 0, 3.97%, 0, 0, 14, 1347.22, 1867237, 2600, 0, 0
1513, 12, 580, 845, 2, 0, 3.97%, 0, 0, 14, 1386.66, 1874203, 2600, 0, 0
1518, 12, 536, 845, 1, 0, 3.97%, 0, 0, 14, 1390.77, 1881116, 2600, 0, 0
1523, 12, 749, 845, 1, 0, 3.97%, 0, 0, 14, 1406.36, 1888320, 2600, 0, 0
1528, 12, 449, 846, 2, 0, 3.97%, 0, 0, 14, 1397.80, 1895270, 2600, 0, 0
1534, 12, 90, 848, 3, 0, 3.97%, 0, 0, 14, 1385.28, 1902958, 2600, 0, 0
1539, 12, 589, 848, 2, 0, 3.97%, 0, 0, 14, 1371.59, 1909811, 2600, 0, 0
1544, 12, 851, 854, 4, 2, 4.00%, 0, 0, 14, 1395.98, 1917109, 2621, 0, 0
1549, 12, 114, 854, 2, 0, 4.00%, 0, 0, 14, 1388.09, 1924132, 2621, 0, 0
1554, 13, 541, 854, 1, 0, 4.00%, 0, 0, 14, 1385.34, 1931346, 2621, 0, 0
1559, 13, 672, 854, 1, 0, 4.00%, 0, 0, 14, 1400.40, 1938426, 2621, 0, 0
1565, 13, 846, 854, 1, 0, 4.00%, 0, 0, 14, 1395.61, 1945725, 2621, 0, 0
1570, 13, 372, 854, 1, 0, 4.00%, 0, 0, 14, 1350.58, 1952607, 2621, 0, 0
1575, 13, 228, 855, 2, 0, 4.00%, 0, 0, 14, 1325.16, 1959467, 2621, 0, 0
1581, 13, 52, 855, 2, 0, 4.00%, 0, 0, 14, 1389.89, 1967613, 2621, 0, 0
1586, 13, 853, 855, 2, 0, 4.00%, 0, 0, 14, 1338.39, 1974355, 2621, 0, 0
1591, 13, 672, 855, 2, 0, 4.00%, 0, 0, 14, 1401.28, 1981631, 2621, 0, 0
1596, 13, 461, 855, 2, 0, 4.00%, 0, 0, 14, 1380.47, 1988998, 2621, 0, 0
1601, 13, 347, 857, 2, 0, 4.01%, 0, 0, 14, 1407.62, 1996066, 2628, 0, 0
1606, 13, 203, 857, 2, 0, 4.01%, 0, 0, 14, 1306.63, 2002537, 2628, 0, 0
1611, 13, 654, 857, 2, 0, 4.01%, 0, 0, 14, 1339.62, 2009310, 2628, 0, 0
1616, 13, 388, 857, 2, 0, 4.01%, 0, 0, 14, 1223.57, 2014209, 2628, 0, 0
1621, 13, 629, 857, 1, 0, 4.01%, 0, 0, 14, 1374.14, 2021381, 2628, 0, 0
1626, 13, 689, 858, 2, 0, 4.01%, 0, 0, 14, 1373.95, 2028261, 2628, 0, 0
1632, 13, 523, 858, 2, 0, 4.01%, 0, 0, 14, 1348.33, 2035352, 2628, 0, 0
1637, 13, 173, 858, 2, 0, 4.01%, 0, 0, 14, 1358.31, 2042230, 2628, 0, 0
1642, 13, 700, 858, 2, 0, 4.01%, 0, 0, 14, 1375.35, 2049138, 2628, 0, 0
1647, 14, 820, 858, 0, 0, 4.01%, 0, 0, 14, 1344.98, 2056307, 2628, 0, 0
1652, 14, 719, 859, 0, 0, 4.01%, 0, 0, 14, 1267.65, 2062512, 2628, 0, 0
1657, 14, 186, 859, 0, 0, 4.01%, 0, 0, 14, 1384.85, 2069790, 2628, 0, 0
1663, 14, 445, 859, 0, 0, 4.01%, 0, 0, 14, 1408.56, 2076999, 2628, 0, 0
1668, 14, 856, 861, 1, 0, 4.01%, 0, 0, 14, 1398.18, 2084091, 2628, 0, 0
1673, 14, 860, 863, 3, 0, 4.01%, 0, 0, 14, 1400.02, 2091295, 2628, 0, 0
1678, 14, 862, 867, 6, 0, 4.01%, 0, 0, 14, 1344.27, 2097927, 2628, 0, 0
1683, 14, 862, 868, 7, 0, 4.01%, 0, 0, 14, 1332.15, 2104642, 2630, 0, 0
1688, 14, 821, 869, 6, 0, 4.01%, 0, 0, 14, 1225.67, 2109282, 2630, 0, 0
1693, 14, 486, 869, 6, 0, 4.01%, 0, 0, 14, 1262.84, 2115382, 2630, 0, 0
1698, 14, 614, 869, 6, 0, 4.01%, 0, 0, 14, 1377.33, 2122459, 2630, 0, 0
1703, 14, 172, 870, 5, 0, 4.02%, 0, 0, 14, 1385.41, 2129552, 2632, 0, 0
1708, 14, 858, 871, 5, 0, 4.02%, 0, 0, 14, 1292.42, 2134120, 2632, 0, 0
1713, 14, 642, 871, 5, 0, 4.02%, 0, 0, 14, 1362.71, 2141374, 2632, 0, 0
1718, 14, 647, 871, 4, 0, 4.02%, 0, 0, 14, 1385.53, 2148381, 2632, 0, 0
1724, 14, 397, 871, 4, 0, 4.02%, 0, 0, 14, 1384.56, 2155612, 2632, 0, 0
1729, 14, 183, 871, 3, 0, 4.02%, 0, 0, 14, 1402.69, 2162612, 2632, 0, 0
1734, 14, 868, 871, 3, 0, 4.02%, 0, 0, 14, 1366.73, 2169677, 2632, 0, 0
1739, 14, 850, 872, 3, 0, 4.02%, 0, 0, 14, 1188.06, 2174749, 2632, 0, 0
1744, 14, 528, 872, 2, 0, 4.02%, 0, 0, 14, 1334.19, 2181873, 2632, 0, 0
1749, 14, 754, 872, 2, 0, 4.02%, 0, 0, 14, 1366.68, 2188738, 2632, 0, 0
1754, 14, 347, 872, 2, 0, 4.02%, 0, 0, 14, 1347.07, 2194404, 2632, 0, 0
1760, 15, 866, 872, 2, 0, 4.02%, 0, 0, 14, 1317.20, 2201090, 2632, 0, 0
1765, 15, 649, 872, 1, 0, 4.02%, 0, 0, 14, 1271.80, 2207640, 2632, 0, 0
1770, 15, 871, 872, 1, 0, 4.02%, 0, 0, 14, 396.82, 2212417, 2632, 0, 0
1775, 15, 610, 872, 0, 0, 4.02%, 0, 0, 14, 679.96, 2216221, 2632, 0, 0
1780, 15, 855, 872, 0, 0, 4.02%, 0, 0, 14, 1107.17, 2222641, 2632, 0, 0
1785, 15, 430, 872, 0, 0, 4.02%, 0, 0, 14, 1258.64, 2229272, 2632, 0, 0
1790, 15, 673, 872, 0, 0, 4.02%, 0, 0, 14, 1364.71, 2236422, 2632, 0, 0
1795, 15, 312, 872, 0, 0, 4.02%, 0, 0, 14, 1298.71, 2242863, 2632, 0, 0
1800, 15, 520, 874, 1, 0, 4.02%, 0, 0, 14, 1367.86, 2249898, 2636, 0, 0
1805, 15, 560, 874, 1, 0, 4.02%, 0, 0, 14, 1356.67, 2256502, 2636, 0, 0
1810, 15, 542, 876, 3, 0, 4.02%, 0, 0, 14, 1263.29, 2262562, 2636, 0, 0
1816, 15, 873, 876, 3, 0, 4.02%, 0, 0, 14, 1337.04, 2269616, 2636, 0, 0
1821, 15, 235, 878, 4, 0, 4.02%, 0, 0, 14, 1311.20, 2276404, 2636, 0, 0
1826, 15, 486, 878, 4, 0, 4.02%, 0, 0, 14, 1360.10, 2283316, 2636, 0, 0
1831, 15, 97, 878, 4, 0, 4.02%, 0, 0, 14, 1406.51, 2290441, 2636, 0, 0
1836, 15, 520, 878, 3, 0, 4.02%, 0, 0, 14, 1381.90, 2297492, 2636, 0, 0
1841, 15, 289, 878, 3, 0, 4.02%, 0, 0, 14, 1350.51, 2304180, 2636, 0, 0
1846, 15, 875, 882, 7, 0, 4.02%, 0, 0, 14, 1322.57, 2310963, 2636, 0, 0
1851, 15, 147, 882, 6, 0, 4.02%, 0, 0, 14, 1275.77, 2317366, 2636, 0, 0
1857, 15, 352, 882, 4, 0, 4.02%, 0, 0, 14, 1190.20, 2323428, 2636, 0, 0
1862, 15, 582, 882, 4, 0, 4.02%, 0, 0, 14, 1144.02, 2328358, 2636, 0, 0
1867, 15, 730, 882, 3, 0, 4.02%, 0, 0, 14, 1281.65, 2335936, 2636, 0, 0
1872, 15, 599, 882, 1, 0, 4.02%, 0, 0, 14, 1219.83, 2341815, 2636, 0, 0
1878, 16, 876, 882, 1, 0, 4.02%, 0, 0, 14, 1252.57, 2348441, 2636, 0, 0
1883, 16, 177, 882, 0, 0, 4.02%, 0, 0, 14, 1167.90, 2353798, 2636, 0, 0
1888, 16, 589, 882, 0, 0, 4.02%, 0, 0, 14, 1332.40, 2360703, 2636, 0, 0
1893, 16, 353, 882, 0, 0, 4.02%, 0, 0, 14, 1309.67, 2367077, 2636, 0, 0
1898, 16, 468, 882, 0, 0, 4.02%, 0, 0, 14, 1354.77, 2374774, 2636, 0, 0
1904, 16, 112, 882, 0, 0, 4.02%, 0, 0, 14, 1313.35, 2381051, 2636, 0, 0
1909, 16, 6, 883, 1, 0, 4.02%, 0, 0, 14, 1161.67, 2387352, 2636, 0, 0
1914, 16, 213, 883, 1, 0, 4.02%, 0, 0, 14, 1254.58, 2394170, 2636, 0, 0
1919, 16, 183, 883, 1, 0, 4.02%, 0, 0, 14, 1241.13, 2398678, 2636, 0, 0
1924, 16, 356, 883, 1, 0, 4.02%, 0, 0, 14, 1329.71, 2405557, 2636, 0, 0
1929, 16, 516, 885, 2, 0, 4.02%, 0, 0, 15, 1297.78, 2412024, 2636, 0, 0
1934, 16, 719, 885, 2, 0, 4.02%, 0, 0, 15, 1314.36, 2418654, 2636, 0, 0
1939, 16, 147, 885, 2, 0, 4.02%, 0, 0, 15, 1363.38, 2425831, 2636, 0, 0
1944, 16, 169, 885, 2, 0, 4.02%, 0, 0, 15, 1279.81, 2432025, 2636, 0, 0
1949, 16, 672, 885, 2, 0, 4.02%, 0, 0, 15, 1247.86, 2438546, 2636, 0, 0
1954, 16, 884, 885, 2, 0, 4.02%, 0, 0, 15, 1252.07, 2444997, 2636, 0, 0
1960, 16, 823, 885, 1, 0, 4.02%, 0, 0, 15, 1247.11, 2451183, 2636, 0, 0
1965, 16, 536, 885, 0, 0, 4.02%, 0, 0, 15, 1162.10, 2456851, 2636, 0, 0
1970, 16, 206, 885, 0, 0, 4.02%, 0, 0, 15, 1224.78, 2463378, 2636, 0, 0
1975, 16, 589, 885, 0, 0, 4.02%, 0, 0, 15, 1334.60, 2470213, 2636, 0, 0
1980, 16, 430, 885, 0, 0, 4.02%, 0, 0, 15, 1307.98, 2476553, 2636, 0, 0
1985, 17, 573, 886, 1, 0, 4.02%, 0, 0, 15, 1262.36, 2482779, 2636, 0, 0
1990, 17, 728, 886, 1, 0, 4.02%, 0, 0, 15, 1205.49, 2487351, 2636, 0, 0
1995, 17, 169, 886, 1, 0, 4.02%, 0, 0, 15, 1334.12, 2494454, 2636, 0, 0
2000, 17, 8, 886, 1, 0, 4.02%, 0, 0, 15, 1296.88, 2501088, 2636, 0, 0
2005, 17, 200, 886, 1, 0, 4.02%, 0, 0, 15, 1302.08, 2507788, 2636, 0, 0
2010, 17, 333, 886, 1, 0, 4.02%, 0, 0, 15, 1347.96, 2514435, 2636, 0, 0
2015, 17, 673, 889, 2, 0, 4.03%, 0, 0, 15, 1259.51, 2520671, 2638, 0, 0
2021, 17, 716, 890, 3, 0, 4.03%, 0, 0, 15, 1348.46, 2527729, 2638, 0, 0
2026, 17, 890, 891, 4, 0, 4.03%, 0, 0, 15, 1271.47, 2533952, 2638, 0, 0
2031, 17, 542, 891, 2, 0, 4.03%, 0, 0, 15, 1337.52, 2540699, 2638, 0, 0
2036, 17, 352, 891, 2, 0, 4.03%, 0, 0, 15, 1221.92, 2546605, 2638, 0, 0
2041, 17, 872, 891, 1, 0, 4.03%, 0, 0, 15, 1345.43, 2553588, 2638, 0, 0
2046, 17, 858, 891, 1, 0, 4.03%, 0, 0, 15, 1314.14, 2558686, 2638, 0, 0
2051, 17, 513, 891, 1, 0, 4.03%, 0, 0, 15, 1302.07, 2564955, 2638, 0, 0
2056, 17, 728, 891, 1, 0, 4.03%, 0, 0, 15, 1366.64, 2571884, 2638, 0, 0
2061, 17, 536, 891, 0, 0, 4.03%, 0, 0, 15, 1354.85, 2578742, 2638, 0, 0
2066, 17, 754, 891, 0, 0, 4.03%, 0, 0, 15, 1371.14, 2585790, 2638, 0, 0
2071, 17, 867, 891, 0, 0, 4.03%, 0, 0, 15, 1349.20, 2592586, 2638, 0, 0
2076, 17, 867, 891, 0, 0, 4.03%, 0, 0, 15, 1259.04, 2598883, 2638, 0, 0
2082, 17, 869, 891, 0, 0, 4.03%, 0, 0, 15, 1288.52, 2605380, 2638, 0, 0
2087, 17, 872, 891, 0, 0, 4.03%, 0, 0, 15, 1348.05, 2612383, 2638, 0, 0
2092, 18, 705, 891, 0, 0, 4.03%, 0, 0, 15, 1214.89, 2618351, 2638, 0, 0
2097, 18, 706, 892, 1, 0, 4.03%, 0, 0, 15, 1306.26, 2625261, 2638, 0, 0
2102, 18, 520, 893, 2, 0, 4.03%, 0, 0, 15, 1299.81, 2631664, 2638, 0, 0
2107, 18, 762, 893, 1, 0, 4.03%, 0, 0, 15, 1143.64, 2637315, 2638, 0, 0
2112, 18, 373, 893, 1, 0, 4.03%, 0, 0, 15, 1194.69, 2643488, 2638, 0, 0
2118, 18, 53, 893, 1, 0, 4.03%, 0, 0, 15, 454.66, 2650084, 2638, 0, 0
2123, 18, 347, 893, 1, 0, 4.03%, 0, 0, 15, 1195.35, 2657176, 2638, 0, 0
2128, 18, 716, 893, 1, 0, 4.03%, 0, 0, 15, 1180.87, 2663490, 2638, 0, 0
2133, 18, 636, 893, 0, 0, 4.03%, 0, 0, 15, 1322.19, 2670289, 2638, 0, 0
2138, 18, 614, 893, 0, 0, 4.03%, 0, 0, 15, 1316.71, 2676856, 2638, 0, 0
2144, 18, 478, 893, 0, 0, 4.03%, 0, 0, 15, 1350.82, 2683843, 2638, 0, 0
2149, 18, 224, 894, 0, 0, 4.03%, 0, 0, 15, 1372.73, 2690827, 2639, 0, 0
2154, 18, 178, 894, 0, 0, 4.03%, 0, 0, 15, 1346.20, 2697822, 2639, 0, 0
2159, 18, 519, 894, 0, 0, 4.03%, 0, 0, 15, 1382.14, 2704807, 2639, 0, 0
2164, 18, 387, 894, 0, 0, 4.03%, 0, 0, 15, 1348.76, 2711699, 2639, 0, 0
2169, 18, 893, 894, 0, 0, 4.03%, 0, 0, 15, 1333.55, 2718531, 2639, 0, 0
2174, 18, 440, 897, 3, 0, 4.03%, 0, 0, 15, 1370.87, 2725653, 2639, 0, 0
2179, 18, 895, 903, 9, 0, 4.04%, 0, 0, 15, 1319.43, 2732511, 2650, 0, 0
2184, 18, 895, 903, 9, 0, 4.04%, 0, 0, 15, 1334.59, 2739401, 2650, 0, 0
2189, 18, 210, 903, 6, 0, 4.04%, 0, 0, 15, 1351.10, 2746148, 2650, 0, 0
2195, 18, 441, 903, 5, 0, 4.04%, 0, 0, 15, 1317.32, 2752837, 2650, 0, 0
2200, 18, 901, 904, 6, 0, 4.04%, 0, 0, 15, 1319.83, 2759603, 2650, 0, 0
2205, 18, 209, 904, 5, 0, 4.04%, 0, 0, 15, 1183.49, 2763684, 2650, 0, 0
2210, 18, 554, 904, 5, 0, 4.04%, 0, 0, 15, 1343.34, 2770616, 2650, 0, 0
2215, 19, 441, 905, 4, 0, 4.04%, 0, 0, 15, 1351.82, 2777432, 2650, 0, 0
2220, 19, 904, 906, 5, 0, 4.04%, 0, 0, 15, 1355.30, 2784182, 2650, 0, 0
2225, 19, 749, 906, 4, 0, 4.04%, 0, 0, 15, 1357.64, 2791126, 2650, 0, 0
2230, 19, 536, 906, 4, 0, 4.04%, 0, 0, 15, 1264.06, 2797625, 2650, 0, 0
2237, 19, 276, 906, 4, 0, 4.04%, 0, 0, 15, 1244.92, 2804324, 2650, 0, 0
2242, 19, 905, 907, 3, 0, 4.05%, 0, 0, 15, 1346.45, 2811217, 2651, 0, 0
2247, 19, 580, 907, 2, 0, 4.05%, 0, 0, 15, 1318.42, 2817756, 2651, 0, 0
2252, 19, 785, 907, 2, 0, 4.05%, 0, 0, 15, 1353.46, 2824574, 2651, 0, 0
2257, 19, 589, 907, 1, 0, 4.05%, 0, 0, 15, 1350.64, 2831331, 2651, 0, 0
2262, 19, 297, 908, 2, 0, 4.05%, 0, 0, 16, 257.79, 2837060, 2651, 0, 0
2268, 19, 560, 908, 2, 0, 4.05%, 0, 0, 16, 1156.97, 2844057, 2651, 0, 0
2273, 19, 782, 908, 2, 0, 4.05%, 0, 0, 16, 1333.65, 2851091, 2651, 0, 0
2278, 19, 371, 908, 2, 0, 4.05%, 0, 0, 16, 1372.01, 2858014, 2651, 0, 0
2283, 19, 92, 908, 2, 0, 4.05%, 0, 0, 16, 1372.34, 2864820, 2651, 0, 0
2288, 19, 907, 909, 3, 0, 4.05%, 0, 0, 16, 1351.72, 2871613, 2651, 0, 0
2293, 19, 908, 909, 2, 0, 4.05%, 0, 0, 16, 1284.27, 2876223, 2651, 0, 0
2298, 19, 314, 910, 2, 0, 4.05%, 0, 0, 16, 1310.53, 2883081, 2651, 0, 0
2303, 19, 99, 910, 2, 0, 4.05%, 0, 0, 16, 1328.34, 2890056, 2651, 0, 0
2308, 19, 140, 910, 2, 0, 4.05%, 0, 0, 16, 1378.96, 2897061, 2651, 0, 0
2313, 19, 858, 911, 3, 0, 4.05%, 0, 0, 16, 1348.51, 2902260, 2651, 0, 0
2318, 19, 708, 911, 3, 0, 4.05%, 0, 0, 16, 1379.98, 2909236, 2651, 0, 0
2323, 19, 719, 912, 3, 0, 4.05%, 0, 0, 16, 1301.62, 2915769, 2651, 0, 0
2328, 20, 504, 912, 3, 0, 4.05%, 0, 0, 16, 1385.54, 2922793, 2651, 0, 0
2334, 20, 719, 912, 2, 0, 4.05%, 0, 0, 16, 1408.15, 2929971, 2651, 0, 0
2339, 20, 422, 912, 1, 0, 4.05%, 0, 0, 16, 1337.05, 2936676, 2651, 0, 0
2344, 20, 511, 912, 1, 0, 4.05%, 0, 0, 16, 1332.48, 2943594, 2651, 0, 0
2349, 20, 547, 912, 1, 0, 4.05%, 0, 0, 16, 1338.97, 2950324, 2651, 0, 0
2354, 20, 319, 912, 1, 0, 4.05%, 0, 0, 16, 1353.88, 2957327, 2651, 0, 0
2359, 20, 49, 912, 1, 0, 4.05%, 0, 0, 16, 1352.71, 2964611, 2651, 0, 0
2364, 20, 682, 912, 1, 0, 4.05%, 0, 0, 16, 1307.32, 2970963, 2651, 0, 0
2370, 20, 852, 912, 1, 0, 4.05%, 0, 0, 16, 1312.07, 2977502, 2651, 0, 0
2375, 20, 713, 912, 1, 0, 4.05%, 0, 0, 16, 1320.80, 2984230, 2651, 0, 0
2380, 20, 96, 912, 0, 0, 4.05%, 0, 0, 16, 1362.84, 2991172, 2651, 0, 0
2385, 20, 716, 913, 1, 0, 4.05%, 0, 0, 16, 1314.05, 2997649, 2651, 0, 0
2391, 20, 601, 913, 1, 0, 4.05%, 0, 0, 16, 1274.06, 3004017, 2651, 0, 0
2396, 20, 914, 916, 4, 0, 4.05%, 0, 0, 16, 1258.89, 3010215, 2651, 0, 0
2401, 20, 587, 917, 4, 0, 4.05%, 0, 0, 16, 1297.43, 3016804, 2651, 0, 0
2406, 20, 373, 917, 4, 0, 4.05%, 0, 0, 16, 1350.99, 3023633, 2651, 0, 0
2411, 20, 441, 917, 4, 0, 4.05%, 0, 0, 16, 1351.00, 3030673, 2651, 0, 0
2416, 20, 203, 917, 4, 0, 4.05%, 0, 0, 16, 1331.82, 3037460, 2651, 0, 0
2421, 20, 352, 917, 4, 0, 4.05%, 0, 0, 16, 1346.83, 3044205, 2651, 0, 0
2426, 20, 96, 917, 4, 0, 4.05%, 0, 0, 16, 1362.04, 3051187, 2651, 0, 0
2432, 20, 279, 917, 4, 0, 4.05%, 0, 0, 16, 1339.96, 3057430, 2651, 0, 0
2437, 21, 642, 917, 4, 0, 4.05%, 0, 0, 16, 1340.96, 3064108, 2651, 0, 0
2442, 21, 361, 917, 3, 0, 4.05%, 0, 0, 16, 1296.53, 3070814, 2651, 0, 0
2447, 21, 541, 917, 3, 0, 4.05%, 0, 0, 16, 1361.61, 3077649, 2651, 0, 0
2453, 21, 913, 917, 3, 0, 4.05%, 0, 0, 16, 1305.32, 3084284, 2651, 0, 0
2458, 21, 133, 917, 2, 0, 4.05%, 0, 0, 16, 1355.36, 3091174, 2651, 0, 0
2463, 21, 106, 917, 2, 0, 4.05%, 0, 0, 16, 1382.41, 3098229, 2651, 0, 0
2468, 21, 654, 917, 2, 0, 4.05%, 0, 0, 16, 1389.99, 3105234, 2651, 0, 0
2473, 21, 749, 917, 2, 0, 4.05%, 0, 0, 16, 1397.03, 3112264, 2651, 0, 0
2480, 21, 775, 917, 2, 0, 4.05%, 0, 0, 16, 1273.50, 3119369, 2651, 0, 0
2485, 21, 849, 917, 2, 0, 4.05%, 0, 0, 16, 1299.23, 3125844, 2651, 0, 0
2490, 21, 315, 917, 2, 0, 4.05%, 0, 0, 16, 1374.56, 3132971, 2651, 0, 0
2495, 21, 168, 917, 2, 0, 4.05%, 0, 0, 16, 1353.56, 3139771, 2651, 0, 0
2500, 21, 906, 918, 2, 0, 4.05%, 0, 0, 16, 1024.88, 3145970, 2651, 0, 0
2505, 21, 312, 918, 1, 0, 4.05%, 0, 0, 16, 1221.32, 3152555, 2651, 0, 0
2510, 21, 816, 918, 1, 0, 4.05%, 0, 0, 16, 1028.07, 3158522, 2651, 0, 0
2516, 21, 905, 918, 1, 0, 4.05%, 0, 0, 16, 1175.09, 3164855, 2651, 0, 0
2521, 21, 764, 918, 0, 0, 4.05%, 0, 0, 16, 1271.21, 3171970, 2651, 0, 0
2526, 21, 373, 918, 0, 0, 4.05%, 0, 0, 16, 1336.64, 3178747, 2651, 0, 0
2531, 21, 897, 918, 0, 0, 4.05%, 0, 0, 16, 1244.70, 3185114, 2651, 0, 0
2536, 21, 654, 918, 0, 0, 4.05%, 0, 0, 16, 1300.83, 3191795, 2651, 0, 0
2541, 21, 514, 918, 0, 0, 4.05%, 0, 0, 16, 1327.45, 3198521, 2651, 0, 0
2546, 22, 416, 918, 0, 0, 4.05%, 0, 0, 16, 1292.79, 3204998, 2651, 0, 0
2553, 22, 737, 918, 0, 0, 4.05%, 0, 0, 16, 1321.56, 3213034, 2651, 0, 0
2558, 22, 693, 918, 0, 0, 4.05%, 0, 0, 16, 1334.36, 3219862, 2651, 0, 0
2563, 22, 917, 918, 0, 0, 4.05%, 0, 0, 16, 1326.24, 3226598, 2651, 0, 0
2568, 22, 589, 918, 0, 0, 4.05%, 0, 0, 16, 1355.58, 3233575, 2651, 0, 0
2573, 22, 594, 918, 0, 0, 4.05%, 0, 0, 16, 1364.96, 3240525, 2651, 0, 0
2578, 22, 480, 918, 0, 0, 4.05%, 0, 0, 16, 1330.60, 3247098, 2651, 0, 0
2583, 22, 452, 919, 1, 0, 4.05%, 0, 0, 16, 1374.27, 3254160, 2651, 0, 0
2588, 22, 796, 920, 1, 0, 4.05%, 0, 0, 16, 1261.16, 3260482, 2655, 0, 0
2593, 22, 888, 921, 2, 0, 4.05%, 0, 0, 16, 1325.95, 3267325, 2655, 0, 0
2598, 22, 643, 921, 2, 0, 4.05%, 0, 0, 16, 1274.13, 3272068, 2655, 0, 0
2603, 22, 351, 921, 2, 0, 4.05%, 0, 0, 16, 1344.34, 3278967, 2655, 0, 0
2608, 22, 169, 921, 2, 0, 4.05%, 0, 0, 16, 1412.77, 3284819, 2655, 0, 0
2614, 22, 168, 921, 2, 0, 4.05%, 0, 0, 16, 1370.01, 3291840, 2655, 0, 0
2619, 22, 919, 921, 2, 0, 4.05%, 0, 0, 16, 1345.60, 3298405, 2655, 0, 0
2624, 22, 412, 921, 2, 0, 4.05%, 0, 0, 16, 1188.42, 3303576, 2655, 0, 0
2629, 22, 573, 921, 2, 0, 4.05%, 0, 0, 16, 1272.11, 3309592, 2655, 0, 0
2634, 22, 224, 921, 1, 0, 4.05%, 0, 0, 16, 1323.41, 3316302, 2655, 0, 0
2639, 22, 919, 922, 2, 0, 4.05%, 0, 0, 16, 1048.34, 3321852, 2655, 0, 0
2644, 22, 238, 923, 3, 0, 4.05%, 0, 0, 16, 1132.50, 3327323, 2655, 0, 0
2649, 22, 709, 923, 3, 0, 4.05%, 0, 0, 16, 1237.52, 3333789, 2655, 0, 0
2654, 22, 154, 923, 3, 0, 4.05%, 0, 0, 16, 1298.70, 3340393, 2655, 0, 0
2660, 22, 748, 923, 3, 0, 4.05%, 0, 0, 16, 1323.21, 3347545, 2655, 0, 0
2665, 22, 920, 924, 4, 0, 4.05%, 0, 0, 16, 1252.16, 3354012, 2655, 0, 0
2670, 23, 518, 925, 2, 0, 4.05%, 0, 0, 16, 1284.89, 3360453, 2655, 0, 0
2675, 23, 456, 925, 2, 0, 4.05%, 0, 0, 16, 1333.57, 3367309, 2655, 0, 0
2680, 23, 856, 925, 2, 0, 4.05%, 0, 0, 16, 1346.14, 3373924, 2655, 0, 0
2685, 23, 690, 925, 2, 0, 4.05%, 0, 0, 16, 1296.11, 3380247, 2655, 0, 0
2690, 23, 314, 925, 2, 0, 4.05%, 0, 0, 16, 1324.35, 3387220, 2655, 0, 0
2695, 23, 347, 925, 2, 0, 4.05%, 0, 0, 16, 1283.10, 3393743, 2655, 0, 0
2700, 23, 924, 926, 3, 0, 4.05%, 0, 0, 16, 1335.11, 3400642, 2655, 0, 0
2706, 23, 402, 926, 2, 0, 4.05%, 0, 0, 16, 1320.23, 3407604, 2655, 0, 0
2711, 23, 923, 926, 2, 0, 4.05%, 0, 0, 16, 1283.63, 3413802, 2655, 0, 0
2716, 23, 209, 926, 1, 0, 4.05%, 0, 0, 16, 1288.49, 3420202, 2655, 0, 0
2721, 23, 827, 926, 1, 0, 4.05%, 0, 0, 16, 1355.93, 3427074, 2655, 0, 0
2726, 23, 742, 926, 1, 0, 4.05%, 0, 0, 16, 1318.90, 3434469, 2655, 0, 0
2731, 23, 184, 926, 1, 0, 4.05%, 0, 0, 16, 1338.96, 3441305, 2655, 0, 0
2737, 23, 919, 926, 1, 0, 4.05%, 0, 0, 16, 1286.11, 3446323, 2655, 0, 0
2742, 23, 853, 926, 1, 0, 4.05%, 0, 0, 16, 1276.07, 3452748, 2655, 0, 0
2747, 23, 926, 927, 1, 0, 4.08%, 0, 0, 16, 1327.92, 3459281, 2675, 0, 0
2752, 23, 919, 927, 1, 0, 4.08%, 0, 0, 16, 1318.60, 3466078, 2675, 0, 0
2757, 23, 364, 927, 1, 0, 4.08%, 0, 0, 16, 1235.30, 3470829, 2675, 0, 0
2762, 23, 721, 927, 0, 0, 4.08%, 0, 0, 16, 1275.51, 3477388, 2675, 0, 0
2767, 23, 589, 927, 0, 0, 4.08%, 0, 0, 16, 1328.58, 3484185, 2675, 0, 0
2772, 23, 314, 928, 1, 0, 4.08%, 0, 0, 16, 1323.52, 3490891, 2675, 0, 0
2777, 23, 632, 929, 2, 0, 4.08%, 0, 0, 16, 1322.48, 3497547, 2675, 0, 0
2782, 23, 147, 929, 2, 0, 4.08%, 0, 0, 16, 1347.68, 3504561, 2675, 0, 0
2787, 24, 673, 929, 2, 0, 4.08%, 0, 0, 16, 1174.60, 3510364, 2675, 0, 0
2793, 24, 177, 929, 2, 0, 4.08%, 0, 0, 16, 1303.77, 3517301, 2675, 0, 0
2798, 24, 927, 930, 3, 0, 4.08%, 0, 0, 16, 1348.83, 3524119, 2675, 0, 0
2803, 24, 607, 930, 1, 0, 4.08%, 0, 0, 16, 1313.98, 3530757, 2675, 0, 0
2808, 24, 814, 930, 1, 0, 4.08%, 0, 0, 16, 254.86, 3535862, 2675, 0, 0
2813, 24, 184, 930, 1, 0, 4.08%, 0, 0, 16, 1068.05, 3542215, 2675, 0, 0
2818, 24, 474, 930, 0, 0, 4.08%, 0, 0, 16, 1288.18, 3548982, 2675, 0, 0
2823, 24, 114, 930, 0, 0, 4.08%, 0, 0, 16, 1352.42, 3556084, 2675, 0, 0
2828, 24, 714, 930, 0, 0, 4.08%, 0, 0, 16, 1371.86, 3562938, 2675, 0, 0
2834, 24, 821, 932, 2, 0, 4.08%, 0, 0, 16, 1156.30, 3568935, 2675, 0, 0
2839, 24, 456, 933, 2, 0, 4.08%, 0, 0, 16, 1250.06, 3575264, 2675, 0, 0
2844, 24, 930, 933, 2, 0, 4.08%, 0, 0, 16, 1335.85, 3582143, 2675, 0, 0
2849, 24, 932, 933, 1, 0, 4.08%, 0, 0, 16, 1319.69, 3588741, 2675, 0, 0
2854, 24, 926, 933, 0, 0, 4.08%, 0, 0, 16, 1318.37, 3595375, 2675, 0, 0
2859, 24, 430, 933, 0, 0, 4.08%, 0, 0, 16, 1351.35, 3602303, 2675, 0, 0
2864, 24, 779, 933, 0, 0, 4.08%, 0, 0, 16, 1342.65, 3609296, 2675, 0, 0
2869, 24, 926, 933, 0, 0, 4.08%, 0, 0, 16, 1379.92, 3616294, 2675, 0, 0
2874, 24, 891, 934, 1, 0, 4.08%, 0, 0, 16, 1307.53, 3622215, 2675, 0, 0
2879, 24, 402, 934, 1, 0, 4.08%, 0, 0, 16, 1320.14, 3628854, 2675, 0, 0
2884, 24, 513, 934, 1, 0, 4.08%, 0, 0, 16, 1107.45, 3634548, 2675, 0, 0
2890, 24, 919, 934, 1, 0, 4.08%, 0, 0, 16, 1155.11, 3640821, 2675, 0, 0
2895, 24, 235, 934, 1, 0, 4.08%, 0, 0, 16, 1282.26, 3647493, 2675, 0, 0
2901, 24, 933, 934, 1, 0, 4.08%, 0, 0, 16, 1271.80, 3654776, 2675, 0, 0
2906, 25, 547, 935, 1, 0, 4.08%, 0, 0, 16, 1266.60, 3660808, 2675, 0, 0
2911, 25, 613, 935, 1, 0, 4.08%, 0, 0, 16, 1295.47, 3667358, 2675, 0, 0
2916, 25, 607, 936, 1, 0, 4.08%, 0, 0, 16, 1295.83, 3673846, 2675, 0, 0
2921, 25, 352, 936, 1, 0, 4.08%, 0, 0, 16, 1358.12, 3680677, 2675, 0, 0
2926, 25, 642, 936, 1, 0, 4.08%, 0, 0, 16, 1335.29, 3687174, 2675, 0, 0
2931, 25, 271, 936, 1, 0, 4.08%, 0, 0, 16, 1121.12, 3693130, 2675, 0, 0
2936, 25, 935, 939, 4, 0, 4.08%, 0, 0, 16, 1241.47, 3699751, 2675, 0, 0
2941, 25, 935, 940, 5, 0, 4.08%, 0, 0, 16, 1225.21, 3705854, 2675, 0, 0
2946, 25, 201, 940, 4, 0, 4.08%, 0, 0, 16, 1281.09, 3712241, 2675, 0, 0
2951, 25, 476, 940, 3, 0, 4.08%, 0, 0, 16, 1308.94, 3718854, 2675, 0, 0
2957, 25, 422, 940, 3, 0, 4.08%, 0, 0, 16, 1308.54, 3725517, 2675, 0, 0
2962, 25, 293, 940, 3, 0, 4.08%, 0, 0, 16, 1351.53, 3732491, 2675, 0, 0
2967, 25, 939, 940, 3, 0, 4.08%, 0, 0, 16, 1303.72, 3739404, 2675, 0, 0
2972, 25, 662, 940, 2, 0, 4.08%, 0, 0, 16, 1353.64, 3746389, 2675, 0, 0
2977, 25, 361, 940, 2, 0, 4.08%, 0, 0, 16, 1269.89, 3752838, 2675, 0, 0
2982, 25, 783, 940, 2, 0, 4.08%, 0, 0, 16, 1375.08, 3760141, 2675, 0, 0
2987, 25, 673, 940, 2, 0, 4.08%, 0, 0, 16, 1333.57, 3766940, 2675, 0, 0
2993, 25, 690, 940, 2, 0, 4.08%, 0, 0, 16, 1320.97, 3772449, 2675, 0, 0
2998, 25, 823, 940, 1, 0, 4.08%, 0, 0, 16, 1264.38, 3778962, 2675, 0, 0
3003, 25, 209, 940, 1, 0, 4.08%, 0, 0, 16, 1244.95, 3785222, 2675, 0, 0
3008, 25, 164, 940, 0, 0, 4.08%, 0, 0, 16, 1264.11, 3791518, 2675, 0, 0
3013, 25, 169, 940, 0, 0, 4.08%, 0, 0, 16, 1282.24, 3798014, 2675, 0, 0
3019, 25, 272, 940, 0, 0, 4.08%, 0, 0, 16, 1292.10, 3804055, 2675, 0, 0
3024, 25, 281, 940, 0, 0, 4.08%, 0, 0, 16, 1354.78, 3810995, 2675, 0, 0
3029, 25, 131, 940, 0, 0, 4.08%, 0, 0, 16, 1305.10, 3817393, 2675, 0, 0
3034, 26, 919, 941, 1, 0, 4.08%, 0, 0, 16, 1243.40, 3823849, 2675, 0, 0
3039, 26, 580, 941, 1, 0, 4.08%, 0, 0, 16, 1175.35, 3829923, 2675, 0, 0
3044, 26, 525, 942, 2, 0, 4.08%, 0, 0, 16, 1323.03, 3836833, 2675, 0, 0
3049, 26, 613, 942, 2, 0, 4.08%, 0, 0, 16, 1334.81, 3843653, 2675, 0, 0
3054, 26, 85, 942, 2, 0, 4.08%, 0, 0, 16, 1351.71, 3850575, 2675, 0, 0
3060, 26, 667, 942, 2, 0, 4.08%, 0, 0, 16, 1180.26, 3856977, 2675, 0, 0
3066, 26, 547, 942, 1, 0, 4.08%, 0, 0, 16, 1172.20, 3863067, 2675, 0, 0
3071, 26, 714, 942, 1, 0, 4.08%, 0, 0, 16, 1297.72, 3869873, 2675, 0, 0
3076, 26, 585, 942, 1, 0, 4.08%, 0, 0, 16, 1312.34, 3876475, 2675, 0, 0
3081, 26, 607, 942, 1, 0, 4.08%, 0, 0, 16, 1201.29, 3880745, 2675, 0, 0
3086, 26, 536, 942, 1, 0, 4.08%, 0, 0, 16, 1295.26, 3887389, 2675, 0, 0
3091, 26, 224, 942, 1, 0, 4.08%, 0, 0, 16, 1305.96, 3894160, 2675, 0, 0
3096, 26, 173, 943, 1, 0, 4.08%, 0, 0, 16, 1293.17, 3900669, 2675, 0, 0
3101, 26, 388, 943, 1, 0, 4.08%, 0, 0, 16, 1378.30, 3906901, 2675, 0, 0
3106, 26, 919, 943, 1, 0, 4.08%, 0, 0, 16, 1338.56, 3913820, 2675, 0, 0
3112, 26, 164, 943, 1, 0, 4.08%, 0, 0, 16, 1201.60, 3919884, 2675, 0, 0
3117, 26, 858, 944, 1, 0, 4.09%, 0, 0, 16, 1339.98, 3926817, 2679, 0, 0
3122, 26, 235, 944, 1, 0, 4.09%, 0, 0, 16, 1346.79, 3933473, 2679, 0, 0
3127, 26, 944, 945, 2, 0, 4.09%, 0, 0, 16, 1312.93, 3940025, 2679, 0, 0
3132, 26, 608, 946, 1, 0, 4.09%, 0, 0, 16, 1305.59, 3946752, 2679, 0, 0
3138, 26, 945, 946, 1, 0, 4.09%, 0, 0, 16, 1286.16, 3953883, 2679, 0, 0
3143, 26, 943, 947, 2, 0, 4.09%, 0, 0, 16, 1247.13, 3960536, 2679, 0, 0
3148, 26, 906, 947, 2, 0, 4.09%, 0, 0, 16, 1250.86, 3967015, 2679, 0, 0
3153, 26, 41, 947, 2, 0, 4.09%, 0, 0, 16, 1231.06, 3973384, 2679, 0, 0
3158, 27, 803, 947, 2, 0, 4.09%, 0, 0, 16, 1269.26, 3979729, 2679, 0, 0
3163, 27, 893, 947, 2, 0, 4.09%, 0, 0, 16, 1260.66, 3986129, 2679, 0, 0
3168, 27, 353, 947, 2, 0, 4.09%, 0, 0, 16, 1236.56, 3992201, 2679, 0, 0
3173, 27, 518, 947, 1, 0, 4.09%, 0, 0, 16, 1233.77, 3998416, 2679, 0, 0
3179, 27, 704, 947, 1, 0, 4.09%, 0, 0, 16, 1359.43, 4005566, 2679, 0, 0
3184, 27, 445, 947, 1, 0, 4.09%, 0, 0, 16, 1266.79, 4011862, 2679, 0, 0
3189, 27, 945, 948, 2, 0, 4.09%, 0, 0, 16, 1172.31, 4017831, 2679, 0, 0
3194, 27, 416, 948, 1, 0, 4.09%, 0, 0, 16, 1255.36, 4024053, 2679, 0, 0
3199, 27, 756, 948, 1, 0, 4.09%, 0, 0, 16, 1328.10, 4030981, 2679, 0, 0
3204, 27, 541, 949, 2, 0, 4.09%, 0, 0, 16, 1289.14, 4037160, 2679, 0, 0
3209, 27, 541, 949, 2, 0, 4.09%, 0, 0, 16, 1148.54, 4041314, 2679, 0, 0
3214, 27, 514, 949, 2, 0, 4.09%, 0, 0, 16, 1182.03, 4047651, 2679, 0, 0
3219, 27, 321, 949, 2, 0, 4.09%, 0, 0, 16, 1176.16, 4053580, 2679, 0, 0
3224, 27, 585, 949, 2, 0, 4.09%, 0, 0, 16, 1324.30, 4060531, 2679, 0, 0
3229, 27, 649, 949, 2, 0, 4.09%, 0, 0, 16, 1370.85, 4067349, 2679, 0, 0
3235, 27, 682, 949, 2, 0, 4.09%, 0, 0, 16, 1388.44, 4074605, 2679, 0, 0
3240, 27, 550, 950, 2, 0, 4.09%, 0, 0, 16, 1294.56, 4080955, 2681, 0, 0
3245, 27, 257, 950, 2, 0, 4.09%, 0, 0, 16, 1327.01, 4087631, 2681, 0, 0
3250, 27, 387, 951, 2, 0, 4.09%, 0, 0, 16, 1236.06, 4093878, 2681, 0, 0
3255, 27, 314, 951, 1, 0, 4.09%, 0, 0, 16, 1225.33, 4100007, 2681, 0, 0
3260, 27, 58, 951, 0, 0, 4.09%, 0, 0, 16, 1359.85, 4107179, 2681, 0, 0
3265, 27, 951, 952, 1, 1, 4.09%, 0, 0, 16, 1337.14, 4113762, 2681, 0, 0
3270, 27, 705, 952, 0, 0, 4.09%, 0, 0, 16, 1389.32, 4120923, 2681, 0, 0
3275, 27, 173, 952, 0, 0, 4.09%, 0, 0, 16, 1383.91, 4128128, 2681, 0, 0
3280, 27, 805, 952, 0, 0, 4.09%, 0, 0, 16, 1372.74, 4135107, 2681, 0, 0
3286, 28, 882, 952, 0, 0, 4.09%, 0, 0, 16, 1144.32, 4141081, 2681, 0, 0
3291, 28, 951, 952, 0, 0, 4.09%, 0, 0, 16, 1336.24, 4148038, 2681, 0, 0
3298, 28, 807, 952, 0, 0, 4.09%, 0, 0, 16, 1338.18, 4155527, 2681, 0, 0
3303, 28, 169, 952, 0, 0, 4.09%, 0, 0, 16, 1325.35, 4162078, 2681, 0, 0
3308, 28, 236, 952, 0, 0, 4.09%, 0, 0, 16, 1353.86, 4168951, 2681, 0, 0
3313, 28, 704, 953, 1, 0, 4.09%, 0, 0, 16, 1385.92, 4175946, 2681, 0, 0
3320, 28, 283, 953, 1, 0, 4.09%, 0, 0, 16, 1333.69, 4183898, 2681, 0, 0
3325, 28, 589, 953, 1, 0, 4.09%, 0, 0, 16, 1360.24, 4190980, 2681, 0, 0
3330, 28, 705, 954, 2, 0, 4.09%, 0, 0, 16, 1397.09, 4198043, 2681, 0, 0
3335, 28, 547, 954, 2, 0, 4.09%, 0, 0, 16, 1346.84, 4204842, 2681, 0, 0
3340, 28, 140, 954, 2, 0, 4.09%, 0, 0, 16, 1401.48, 4211977, 2681, 0, 0
3345, 28, 697, 954, 1, 0, 4.09%, 0, 0, 16, 1303.91, 4218633, 2681, 0, 0
3350, 28, 942, 954, 1, 0, 4.09%, 0, 0, 16, 1272.82, 4225008, 2681, 0, 0
3356, 28, 929, 954, 1, 0, 4.09%, 0, 0, 16, 1319.52, 4231877, 2681, 0, 0
3361, 28, 41, 954, 1, 0, 4.09%, 0, 0, 16, 1289.45, 4238408, 2681, 0, 0
3366, 28, 371, 955, 2, 0, 4.09%, 0, 0, 16, 1329.25, 4245085, 2681, 0, 0
3371, 28, 700, 955, 2, 0, 4.09%, 0, 0, 16, 1216.01, 4251330, 2681, 0, 0
3376, 28, 945, 955, 2, 0, 4.09%, 0, 0, 16, 1297.14, 4258109, 2681, 0, 0
3381, 28, 919, 955, 2, 0, 4.09%, 0, 0, 16, 1236.74, 4263258, 2681, 0, 0
3386, 28, 716, 956, 2, 0, 4.09%, 0, 0, 16, 962.74, 4268060, 2681, 0, 0
3391, 28, 41, 956, 2, 0, 4.09%, 0, 0, 16, 1226.73, 4274540, 2681, 0, 0
3398, 28, 723, 956, 2, 0, 4.09%, 0, 0, 16, 1250.46, 4281958, 2681, 0, 0
3403, 28, 673, 956, 2, 0, 4.09%, 0, 0, 16, 1278.93, 4288370, 2681, 0, 0
3408, 28, 389, 956, 2, 0, 4.09%, 0, 0, 16, 1316.17, 4294994, 2681, 0, 0
3413, 29, 513, 956, 2, 0, 4.09%, 0, 0, 16, 1276.57, 4301520, 2681, 0, 0
3418, 29, 810, 956, 2, 0, 4.09%, 0, 0, 16, 1080.35, 4307753, 2681, 0, 0
3424, 29, 647, 956, 2, 0, 4.09%, 0, 0, 16, 1251.24, 4314120, 2681, 0, 0
3429, 29, 542, 956, 1, 0, 4.09%, 0, 0, 16, 1298.41, 4320715, 2681, 0, 0
3434, 29, 713, 957, 1, 0, 4.09%, 0, 0, 16, 1277.52, 4326770, 2681, 0, 0
3439, 29, 715, 958, 1, 0, 4.09%, 0, 0, 16, 1280.52, 4333148, 2681, 0, 0
3444, 29, 600, 958, 1, 0, 4.09%, 0, 0, 16, 1283.13, 4339199, 2681, 0, 0
3449, 29, 919, 958, 1, 0, 4.09%, 0, 0, 16, 1201.36, 4345143, 2681, 0, 0
3454, 29, 943, 958, 1, 0, 4.09%, 0, 0, 16, 1252.00, 4351749, 2681, 0, 0
3459, 29, 899, 958, 1, 0, 4.09%, 0, 0, 16, 1303.73, 4358590, 2681, 0, 0
3464, 29, 689, 958, 1, 0, 4.09%, 0, 0, 16, 1249.49, 4365072, 2681, 0, 0
3469, 29, 673, 958, 1, 0, 4.09%, 0, 0, 16, 1029.24, 4370234, 2681, 0, 0
3475, 29, 831, 958, 1, 0, 4.09%, 0, 0, 16, 1237.72, 4376743, 2681, 0, 0
3480, 29, 133, 958, 1, 0, 4.09%, 0, 0, 16, 767.72, 4383010, 2681, 0, 0
3485, 29, 651, 958, 1, 0, 4.09%, 0, 0, 16, 1201.75, 4389858, 2681, 0, 0
3490, 29, 673, 958, 1, 0, 4.09%, 0, 0, 16, 1107.37, 4395729, 2681, 0, 0
3494, 29, 853, 958, 1, 0, 4.09%, 0, 0, 16, 305.54, 4399911, 2681, 0, 0
